"Rk","Player","Nation","Pos","Squad","Comp","Age","Height","Weight","MP","Min","Goals","SoT%","G/Sh","ShoDist","PasTotCmp","PasTotAtt","Assists","PPA","CrsPA","SCA","GCA","GcaDrib","Press","DriAtt","DriSucc%","Fld","AerWon%"
6,"Dickson Abiama","NGA","FW","Greuther Fürth","Bundesliga",24,183,79,24,726,0,22.2,0,15.6,11.1,17.2,0.12,0.74,0,2.47,0.25,0,23.5,2.22,33.3,1.48,35.5
8,"Tammy Abraham","ENG","FW","Roma","Serie A",25,196,87,37,3084,0.5,34.4,0.15,12.2,14.6,20.2,0.12,0.82,0.12,2.33,0.35,0.03,13.6,2.22,48.7,1.46,45.3
14,"Che Adams","SCO","FW","Southampton","Premier League",26,178,70,30,2039,0.31,49,0.14,12.9,14.8,21.3,0.13,0.57,0.04,2.25,0.18,0,14.6,1.45,42.4,2.07,33.5
18,"Amine Adli","FRA","FWMF","Leverkusen","Bundesliga",22,174,60,25,1256,0.21,50,0.08,15.3,28,37.1,0.14,1.14,0.57,3.36,0.5,0,21.4,3.21,53.3,2.29,35.2
21,"Felix Afena-Gyan","GHA","FWMF","Roma","Serie A",19,175,75,17,668,0.27,38.9,0.11,15,16.9,22.2,0,0.81,0.27,3.24,0.41,0.14,30,3.11,39.1,3.51,33.3
37,"Ludovic Ajorque","REU","FW","Strasbourg","Ligue 1",28,197,92,36,2738,0.39,40.7,0.15,13.1,22,29.9,0.26,0.89,0.16,2.47,0.3,0,17.1,1.02,48.4,1.22,56.2
50,"Lucas Alario","ARG","FW","Leverkusen","Bundesliga",30,184,78,27,655,0.82,56.5,0.26,11.2,14.5,21.2,0,0.27,0,3.42,0.55,0.14,14,1.78,84.6,1.51,36.4
55,"Marc Albrighton","ENG","FWDF","Leicester City","Premier League",33,175,74,17,1132,0.08,25,0.25,16.7,27.4,43.7,0.16,0.87,0.4,1.51,0.16,0,22.9,2.94,43.2,1.19,35.3
56,"Paco Alcácer","ESP","FW","Villarreal","La Liga",29,175,72,18,787,0.11,42.1,0.05,13,14.3,19.7,0.34,0.57,0.11,1.49,0.69,0.11,12.9,0.8,57.1,0.8,40
68,"Jim Allevinah","GAB","FW","Clermont Foot","Ligue 1",27,172,70,30,1488,0.06,35.7,0.02,18.7,25.1,33.3,0.12,0.73,0.18,2.73,0.18,0,12.7,3.94,47.7,2.36,41.5
81,"Amath NA","SEN","FWMF","Mallorca","La Liga",26,188,86,19,884,0,36.4,0,17,16.9,21.5,0.1,0.51,0.1,1.84,0.2,0,21.1,3.06,53.3,2.14,15
91,"Felipe Anderson","BRA","FW","Lazio","Serie A",29,175,70,38,2888,0.19,36.4,0.14,15.8,34.5,44.4,0.25,1.99,0.37,3.18,0.53,0.12,24.4,3.49,50.9,1.25,38.3
92,"Sebastian Andersson","SWE","FW","Köln","Bundesliga",31,190,86,26,1257,0.21,37.1,0.09,11.3,12,18.1,0.07,0.36,0.07,1.57,0.29,0,13.7,1.07,40,1.21,38.2
102,"Janis Antiste","FRA","FW","Spezia","Serie A",20,182,77,18,796,0.11,18.2,0.09,10.2,15.8,24.1,0,0.8,0.34,1.25,0,0,22.7,2.16,42.1,0.68,47.5
105,"Michail Antonio","JAM","FW","West Ham","Premier League",32,178,82,36,2971,0.3,32.5,0.12,14.3,14.1,21.5,0.24,0.97,0.39,3.09,0.52,0.03,13.9,2.85,47.9,1.91,35.8
120,"Adam Armstrong","ENG","FW","Southampton","Premier League",25,168,69,23,1413,0.13,29.8,0.04,17,14.2,20.1,0.13,0.83,0,1.85,0.19,0,15.2,2.42,50,0.57,26.9
122,"Marko Arnautović","AUT","FW","Bologna","Serie A",33,192,83,33,2694,0.47,35.2,0.13,14.4,22.8,31,0.03,0.74,0.07,2.74,0.2,0.03,15.4,1.81,59.3,0.9,48
128,"Takuma Asano","JPN","FWMF","Bochum","Bundesliga",28,173,70,27,1608,0.17,34.4,0.09,17,14.7,21.1,0.22,0.73,0.34,2.4,0.28,0,20.8,2.29,48.8,1.68,27.4
132,"Marco Asensio","ESP","FWMF","Real Madrid","La Liga",26,182,76,31,1731,0.52,48.4,0.16,18.6,38.5,47.1,0,1.04,0.16,3.39,0.36,0.05,9.58,2.03,51.3,1.35,10
137,"Iago Aspas","ESP","FW","Celta Vigo","La Liga",35,176,67,37,3087,0.5,44,0.17,15.9,28.5,39.6,0.15,1.22,0.29,3.29,0.44,0.03,12,1.78,59,1.87,36.1
141,"Pierre-Emerick Aubameyang","GAB","FW","Barcelona","La Liga",33,187,80,17,1082,0.92,52.6,0.29,11.3,15.4,20.3,0.08,0.67,0,1.25,0.17,0,16.3,0.67,75,0.58,36
148,"Ezequiel Ávila","ARG","FWMF","Osasuna","La Liga",28,172,81,36,1870,0.29,25,0.08,24.5,14.8,26.2,0.05,1.15,0.82,1.78,0.29,0,12.9,1.49,38.7,1.88,38.2
149,"Taiwo Awoniyi","NGA","FW","Union Berlin","Bundesliga",25,185,84,31,2174,0.62,45.5,0.2,12.9,13.8,20,0.04,0.87,0.12,2.27,0.21,0.08,15.1,2.36,54.4,1.07,28.6
151,"Jordan Ayew","GHA","FW","Crystal Palace","Premier League",31,182,81,31,2019,0.13,22.9,0.09,16.4,25.4,33.3,0.13,0.67,0.22,2.1,0.27,0,23,3.21,52.8,3.13,33.3
158,"Carlos Bacca","COL","FW","Granada","La Liga",36,181,77,17,513,0,22.2,0,14.4,12.5,19.1,0.18,0.7,0,2.28,0.35,0,10.7,1.75,80,1.58,38.7
168,"Stéphane Bahoken","CMR","FW","Angers","Ligue 1",30,185,88,29,1099,0.25,58.3,0.13,16.5,13.8,18,0.08,0.33,0.25,1.15,0.08,0,18,1.15,64.3,1.31,31.9
169,"Leon Bailey","JAM","FWMF","Aston Villa","Premier League",25,178,79,18,761,0.12,38.1,0.05,18.7,17.5,26.4,0.24,1.29,0.35,2.47,0.35,0.12,17.1,2.71,60.9,1.41,36
183,"Keita Baldé","SEN","FWMF","Cagliari","Serie A",27,181,80,26,1229,0.22,34.6,0.12,12.2,14.5,19.6,0.07,0.29,0,1.61,0.15,0,15.7,0.8,45.5,2.41,28.6
192,"Patrick Bamford","ENG","FW","Leeds United","Premier League",29,185,71,9,559,0.32,25,0.1,13.6,13.7,16.6,0.32,0.81,0.32,1.94,0.48,0.16,17.9,1.29,50,1.29,25
197,"Antonín Barák","CZE","FWMF","Hellas Verona","Serie A",28,190,86,29,2340,0.42,41.7,0.15,14.8,34.2,42.7,0.15,0.92,0.04,2.38,0.38,0.04,15.8,1.73,53.3,0.88,39.8
210,"Ashley Barnes","ENG","FW","Burnley","Premier League",33,186,84,23,808,0.11,33.3,0,16,14.4,22.1,0,0.56,0.22,2.33,0.11,0,17.4,0.89,50,1.56,35
214,"Ander Barrenetxea","ESP","FWMF","Real Sociedad","La Liga",21,175,74,11,547,0.16,25,0.13,16.2,22.3,30.7,0.16,1.31,0.16,2.62,0.49,0.16,21.3,5.74,48.6,3.28,36.4
216,"Musa Barrow","GAM","FWMF","Bologna","Serie A",24,183,70,34,2134,0.25,38.9,0.08,20.3,30.1,39.6,0.25,1.86,0.51,3.63,0.42,0,13.6,2.45,55.2,1.14,33.3
235,"Mohamed Bayo","GUI","FW","Clermont Foot","Ligue 1",24,188,76,32,2413,0.52,41.9,0.19,12.5,14.9,20.3,0.19,0.52,0,2.2,0.41,0.04,14.6,2.05,60,0.22,39.7
239,"Ihlas Bebou","TOG","FWDF","Hoffenheim","Bundesliga",28,184,78,28,2091,0.3,31.1,0.16,12,19.7,27.2,0.09,1.42,0.47,2.28,0.26,0.04,16.3,1.98,43.5,0.99,34.8
242,"Sheraldo Becker","SUR","FWMF","Union Berlin","Bundesliga",27,180,75,28,1758,0.21,48.6,0.11,20.4,19.7,31.3,0.31,2.21,1.54,3.79,0.51,0.1,15.8,2.41,57.4,1.59,15
248,"Kevin Behrens","GER","FW","Union Berlin","Bundesliga",31,184,80,24,499,0.36,43.8,0.13,11.1,23.1,33.5,0.36,0.91,0,3.45,0.55,0,21.3,1.45,25,0.91,52.5
251,"Ishak Belfodil","ALG","FW","Hertha BSC","Bundesliga",30,192,86,26,1636,0.27,50,0.12,12.5,18.2,25.9,0.11,0.66,0.05,2.36,0.27,0.05,11.3,2.14,48.7,0.66,45
256,"Karim Bellarabi","GER","FWDF","Leverkusen","Bundesliga",32,184,81,16,683,0.39,39.3,0.11,17.3,26.2,35.1,0.26,1.05,0.39,3.29,0.53,0,15.1,3.95,56.7,1.05,40
262,"Andrea Belotti","ITA","FW","Torino","Serie A",29,181,72,22,1371,0.53,29.1,0.09,14.8,16.7,23.6,0.07,0.33,0,2.5,0.2,0.07,12.8,1.51,56.5,4.08,41.9
266,"Wissam Ben Yedder","FRA","FW","Monaco","Ligue 1",32,170,68,37,2529,0.89,53.8,0.26,14,17.5,24.1,0.18,1.03,0,2.38,0.46,0.07,16.8,2.17,41,0.85,26.4
279,"Saïd Benrahma","ALG","FWMF","West Ham","Premier League",27,172,67,32,2168,0.33,34.9,0.13,18.7,25.9,34.5,0.25,1.33,0.5,2.86,0.33,0,15.6,3.36,42,0.91,40.5
284,"Christian Benteke","BEL","FW","Crystal Palace","Premier League",32,190,83,25,1145,0.31,33.3,0.1,11.4,16.1,23.6,0.08,0.79,0.08,1.57,0.08,0,9.45,1.5,47.4,1.34,59.1
285,"Karim Benzema","FRA","FW","Real Madrid","La Liga",35,185,81,32,2593,0.94,39.8,0.17,15.5,36.7,43.4,0.42,2.92,0.14,4.31,0.73,0.14,9.06,1.7,71.4,0.42,30
287,"Domenico Berardi","ITA","FW","Sassuolo","Serie A",28,183,72,33,2819,0.48,38.8,0.09,21.3,32.5,45.2,0.45,1.82,0.22,4.7,0.77,0.1,17.5,2.4,44,2.65,50
293,"Mitchell van Bergen","NED","FWMF","Reims","Ligue 1",23,170,62,20,983,0,41.7,0,17.7,13.7,21.1,0,1.19,0.55,2.48,0,0,21.9,2.2,54.2,0.46,13.6
294,"Steven Bergwijn","NED","FWMF","Tottenham","Premier League",25,178,78,25,565,0.48,52.6,0.16,15.9,23.5,28.3,0.16,1.59,0,3.17,0.48,0.16,13.3,2.86,55.6,1.9,14.3
313,"El Bilal Touré","MLI","FW","Reims","Ligue 1",21,185,72,21,1194,0.15,33.3,0.03,13.4,18.5,25,0.3,0.38,0.08,1.58,0.38,0,17.4,1.58,52.4,1.28,45.6
326,"Myron Boadu","NED","FW","Monaco","Ligue 1",21,183,67,31,960,0.37,38.1,0.19,9.8,12.5,15.5,0.09,0.19,0,2.15,0.28,0.09,19.8,1.78,68.4,1.12,32.2
332,"Jeremie Boga","CIV","FWMF","Sassuolo","Serie A",25,174,72,12,670,0,33.3,0,19.2,29.9,36.6,0.27,0.54,0.14,3.11,0.54,0.14,8.78,6.35,51.1,1.62,16.7
340,"Federico Bonazzoli","ITA","FWMF","Salernitana","Serie A",25,182,79,32,1866,0.48,35.7,0.14,17,20,26.8,0,0.58,0.05,1.69,0.05,0,14.8,1.93,50,3.57,30.4
348,"Denis Bouanga","GAB","FWMF","Saint-Étienne","Ligue 1",28,180,70,34,2436,0.33,37.6,0.11,19.1,20.4,29.6,0.22,0.77,0.3,3.14,0.37,0.04,24.2,5.46,46.6,1.88,44.9
351,"Sofiane Boufal","MAR","FWMF","Angers","Ligue 1",29,175,67,29,2330,0.31,38.7,0.08,22.2,29.9,39.5,0.15,1.39,0.15,4.79,0.58,0.04,17.1,7.1,51.6,3.17,20.3
356,"Benjamin Bourigeaud","FRA","FWMF","Rennes","Ligue 1",28,178,68,38,3193,0.31,38.9,0.2,17.6,38.8,53.2,0.34,2.48,0.93,4.79,0.54,0,16.9,0.85,43.3,0.31,30.3
359,"Jarrod Bowen","ENG","FW","West Ham","Premier League",26,175,70,36,2983,0.36,41.3,0.15,15.4,17.7,26,0.3,0.82,0.15,2.87,0.63,0.09,16.9,1.99,40.9,1.54,33.9
361,"Lucas Boyé","ARG","FW","Elche","La Liga",26,183,79,24,1713,0.37,30.6,0.14,15.5,17.2,23.5,0.16,0.53,0,2.21,0.47,0.16,17.2,4.05,57.1,2.79,24
379,"Armando Broja","ALB","FW","Southampton","Premier League",21,188,75,32,1975,0.27,39.6,0.13,12.1,11.4,18.4,0,0.09,0,1.69,0.14,0.05,17.2,2.92,48.4,1.46,34.9
387,"Jacob Bruun Larsen","DEN","FWMF","Hoffenheim","Bundesliga",24,183,75,25,812,0.44,38.9,0.22,11.9,24.7,33,0,1.44,0.22,2.78,0,0,15.7,2.78,40,0.22,24.1
390,"Ante Budimir","CRO","FW","Osasuna","La Liga",31,190,75,28,1738,0.41,40.9,0.14,11.5,11.7,18.8,0.1,0.21,0.05,1.61,0.21,0,20.9,1.4,33.3,1.76,49.8
391,"Emi Buendía","ARG","FWMF","Aston Villa","Premier League",26,172,65,35,1899,0.19,31.8,0.09,17,33,41.5,0.28,1.94,0.14,3.51,0.47,0.09,20.9,2.42,58.8,2.51,33.8
392,"Osman Bukari","GHA","FWMF","Nantes","Ligue 1",24,170,68,24,1012,0.18,45,0.1,17.7,21.3,28.5,0.36,0.63,0.36,3.13,0.63,0,17.4,4.11,47.8,0.45,41.7
397,"Jonathan Burkardt","GER","FWMF","Mainz 05","Bundesliga",22,181,76,34,2611,0.38,42.9,0.13,14.1,14.6,20.8,0.1,0.76,0.1,2.28,0.21,0.03,15.8,2.79,44.4,1.79,24.3
437,"José Callejón","ESP","FW","Fiorentina","Serie A",35,178,73,30,1298,0.07,35.3,0.06,14.6,33.8,43,0.14,1.53,0.49,3.06,0.28,0,11.7,0.83,66.7,1.32,40.7
439,"Dominic Calvert-Lewin","ENG","FW","Everton","Premier League",25,187,71,17,1283,0.35,36.7,0.1,13.1,12.6,20.4,0.14,0.35,0,2.1,0.28,0,13.8,0.7,60,1.54,47.5
449,"Sergio Canales","ESP","FWMF","Betis","La Liga",31,175,72,34,2791,0.16,41.8,0.09,20.1,50,60.2,0.26,2,0.16,3.77,0.42,0.03,10.3,1.65,54.9,1.58,26.2
455,"Álex Cantero","ESP","FWMF","Levante","La Liga",22,184,80,25,610,0,31.3,0,15.4,13.7,19.6,0.15,0.88,0.44,2.65,0.59,0,23.1,2.35,43.8,0.74,9.1
461,"Gianluca Caprari","ITA","FWMF","Hellas Verona","Serie A",29,176,72,35,2739,0.39,40,0.15,18.1,31.7,41.8,0.23,2.17,0.23,4.41,0.63,0.03,14.4,3.82,51.7,2.66,17.2
468,"Irvin Cardona","FRA","FWMF","Brest","Ligue 1",25,185,77,32,1334,0.27,42.9,0.14,14.9,14.3,21.3,0.14,0.27,0.07,1.96,0.34,0.07,19.5,2.23,45.5,0.88,28.1
474,"Guido Carrillo","ARG","FW","Elche","La Liga",31,191,87,29,1168,0.15,41.7,0.08,9.7,17.2,24.5,0,0.38,0.08,1.62,0.08,0,17.7,1.15,66.7,2.31,49
493,"Edinson Cavani","URU","FW","Manchester Utd","Premier League",35,185,77,15,766,0.24,33.3,0.11,11.4,21.2,26.5,0.12,0.12,0,1.29,0.24,0,12.4,0.59,80,0.71,25
521,"Rayan Cherki","FRA","FWMF","Lyon","Ligue 1",19,176,71,16,440,0,21.4,0,21.5,40.2,52.7,0.2,1.22,0.2,3.67,0.2,0,13.1,5.71,32.1,1.84,16.7
549,"Marcus Coco","FRA","FWDF","Nantes","Ligue 1",26,184,78,24,930,0.1,18.2,0.09,16.1,22.5,32.1,0.1,0.87,0.49,1.46,0.19,0,25.9,2.43,44,2.91,49.2
556,"Kingsley Coman","FRA","FWDF","Bayern Munich","Bundesliga",26,179,75,21,1359,0.4,43.5,0.13,16.9,37.2,47.4,0.13,2.72,1.26,3.38,0.26,0,13.4,4.7,57.7,1.59,36.7
572,"Maxwel Cornet","CIV","FWMF","Burnley","Premier League",26,179,69,26,1766,0.46,47.8,0.2,16.6,14.5,22.1,0.05,0.71,0.26,1.38,0.31,0.05,15.5,2.24,29.5,1.17,36.4
574,"Jesús Corona","MEX","FWDF","Sevilla","La Liga",29,173,62,18,1157,0.16,33.3,0.17,12,36.9,47.4,0.31,1.24,0.47,2.95,0.47,0.08,10.2,2.95,47.4,2.25,44.4
575,"Ángel Correa","ARG","FWMF","Atlético Madrid","La Liga",27,171,70,36,1856,0.58,44,0.24,17.3,23.4,31.8,0.24,0.97,0.1,2.77,0.49,0,19.7,2.57,49.1,1.7,16.3
585,"Kalifa Coulibaly","MLI","FW","Nantes","Ligue 1",31,197,87,21,850,0.53,40.7,0.19,8.9,12.7,21.5,0,0.74,0.11,2.23,0,0,9.79,0.43,50,0.85,63.1
613,"Patrick Cutrone","ITA","FW","Empoli","Serie A",24,183,79,28,1401,0.19,29.4,0.06,15.2,11,16.2,0,0.45,0.06,1.54,0.19,0,14.2,1.67,38.5,1.22,20.4
618,"Lucas Da Cunha","FRA","FWMF","Clermont Foot","Ligue 1",21,174,66,15,836,0.22,31.6,0.11,18.6,30,35.9,0,1.08,0.54,2.8,0.11,0,24.5,4.09,68.4,0.86,36
621,"Moanes Dabbur","ISR","FWMF","Hoffenheim","Bundesliga",30,182,76,27,1310,0.21,27.3,0.09,12,24.7,33,0.27,0.75,0.21,2.33,0.48,0,18.8,2.81,51.2,1.64,28.1
625,"Patson Daka","ZAM","FW","Leicester City","Premier League",24,183,71,23,1159,0.39,57.7,0.19,15.4,13.3,17.3,0.23,0.31,0.08,1.86,0.54,0,18.1,1.4,16.7,1.24,31
640,"Jonathan David","CAN","FW","Lille","Ligue 1",22,177,77,38,2804,0.48,45.5,0.2,13.3,16.9,21.4,0,0.71,0.13,2.21,0.16,0.03,18.1,1.67,65.4,1.51,28.6
656,"Grégoire Defrel","MTQ","FW","Sassuolo","Serie A",31,179,77,38,1362,0.13,37,0.07,13.1,22.6,26.4,0.13,0.86,0,3.18,0.13,0,19,1.99,46.7,1.39,28.8
666,"Andy Delort","ALG","FW","Nice","Ligue 1",31,181,83,32,2448,0.59,37.8,0.13,16.3,15.4,25.2,0.07,1.03,0.33,2.46,0.37,0,12.4,1.47,37.5,1.8,43.3
669,"Moussa Dembélé","FRA","FW","Lyon","Ligue 1",26,183,79,30,2207,0.86,44,0.19,12,12.6,18.1,0.16,0.29,0.04,2.65,0.61,0.08,12.9,2,55.1,0.82,50.8
674,"Ermedin Demirović","BIH","FWMF","Freiburg","Bundesliga",24,185,80,31,871,0.21,34.6,0.08,12.7,11.6,18,0.31,0.41,0.21,1.86,0.62,0,23.9,2.27,45.5,0.82,27
678,"Emmanuel Dennis","NGA","FWMF","Watford","Premier League",25,175,66,33,2581,0.35,44.3,0.16,14.9,15,22.1,0.21,0.73,0.17,3.17,0.42,0.03,19.6,5.71,44.5,1.64,36.9
681,"Memphis Depay","NED","FW","Barcelona","La Liga",28,176,78,28,1851,0.58,51.8,0.14,18.7,35.2,46.8,0.1,1.46,0.49,3.69,0.53,0.1,10.3,3.25,50.7,2.67,42.9
685,"Mattia Destro","ITA","FW","Genoa","Serie A",31,182,80,27,1744,0.46,38.2,0.16,13.1,10.8,17.9,0.05,0.26,0.05,1.24,0.21,0.05,13.8,1.49,34.5,1.75,34.8
686,"Gerard Deulofeu","ESP","FWMF","Udinese","Serie A",28,191,93,34,2616,0.45,43.4,0.16,17.4,26.5,38,0.17,2.75,0.27,4.71,0.38,0,16.9,3.85,43.8,1.17,6.1
690,"Federico Di Francesco","ITA","FWMF","Empoli","Serie A",28,171,75,26,1367,0.33,32,0.2,17,17,25.3,0,0.86,0.07,2.63,0.33,0,18.4,2.24,23.5,1.84,15.2
692,"Ángel Di María","ARG","FW","Paris S-G","Ligue 1",34,180,69,26,1645,0.27,43.1,0.1,19.2,48.9,64.4,0.38,2.62,0.55,5.19,0.71,0,14.6,3.33,60.7,0.87,50
695,"Boulaye Dia","SEN","FW","Villarreal","La Liga",26,180,75,25,1269,0.35,29.7,0.14,14.1,13.8,18.2,0.35,0.21,0,2.27,0.5,0.07,14.9,1.63,56.5,1.35,45.1
696,"Moussa Diaby","FRA","FWMF","Leverkusen","Bundesliga",23,170,67,32,2760,0.42,50.9,0.25,16.6,24.7,33.1,0.39,1.99,0.59,3.36,0.52,0,11.2,3.97,41,0.98,26.3
701,"Habib Diallo","SEN","FW","Strasbourg","Ligue 1",27,186,79,31,1541,0.64,44,0.18,12,15.6,21.8,0.06,0.53,0.18,1.93,0.53,0.12,15.8,2.4,48.8,1.58,45.3
704,"Stéphane Diarra","FRA","FWMF","Lorient","Ligue 1",24,173,58,15,525,0,33.3,0,17.4,24.5,34.1,0,1.03,0.17,5.17,0.69,0,17.9,5.34,48.4,1.38,20
705,"Raphael Dias Belloli","BRA","FWMF","Leeds United","Premier League",26,176,68,35,2915,0.34,24.7,0.08,20.2,25.2,39.5,0.09,1.48,0.28,3.67,0.28,0.06,17.7,4.6,39.6,1.6,40.3
711,"Luis Díaz","COL","FW","Liverpool","Premier League",25,180,73,13,958,0.38,36.8,0.11,16,37.2,42.3,0.28,2.08,0.28,4.62,0.38,0,15.4,4.53,66.7,1.98,26.3
714,"Bamba Dieng","SEN","FWMF","Marseille","Ligue 1",22,193,90,25,975,0.65,48.6,0.16,12.8,13.4,18.2,0.09,0.56,0.19,1.76,0.56,0.09,15.5,1.2,38.5,1.39,51.5
724,"Landry Dimata","BEL","FWMF","Espanyol","La Liga",25,184,83,17,541,0,0,0,10.9,11.8,16.5,0,0.33,0,2.67,0,0,15,1.33,50,4.17,36.7
748,"Jeremy Doku","BEL","FWMF","Rennes","Ligue 1",20,171,60,14,469,0.19,40,0.2,15.2,23.3,31.7,0.38,1.54,0.38,4.42,0.77,0.19,21.3,8.65,64.4,3.46,27.3
749,"Kasper Dolberg","DEN","FW","Nice","Ligue 1",25,187,84,26,1492,0.36,33.3,0.1,15.5,10.5,14.6,0.12,0.48,0.06,1.75,0.18,0,18.2,1.27,57.1,1.69,43.1
761,"Jodel Dossou","BEN","FW","Clermont Foot","Ligue 1",30,180,75,35,2008,0.13,30.2,0.06,17.1,18.6,25.7,0.04,1.03,0.54,2.47,0.18,0.09,16.8,3.45,54.5,1.93,26.9
771,"Kieran Dowell","ENG","FWMF","Norwich City","Premier League",25,185,70,19,912,0.1,25,0.13,22.1,23.3,33.9,0.1,1.49,0.59,2.28,0.1,0,26.7,0.89,44.4,0.4,31.7
776,"Julian Draxler","GER","FWMF","Paris S-G","Ligue 1",29,187,77,18,548,0.33,33.3,0.22,14.6,45.1,49.5,0.16,0.82,0.16,2.62,0.33,0,8.2,2.79,64.7,0.16,33.3
792,"Hugo Duro","ESP","FWMF","Valencia","La Liga",23,180,76,30,1834,0.34,48.4,0.23,11.4,13.8,19.2,0.05,0.15,0,1.57,0.34,0.05,25.6,1.18,54.2,2.3,35.8
795,"Paulo Dybala","ARG","FWMF","Juventus","Serie A",29,177,75,29,2061,0.44,37.8,0.09,21.9,40,49.3,0.22,1.4,0.31,4.15,0.52,0,14.5,2.71,54.8,2.36,13.8
796,"Edin Džeko","BIH","FW","Inter","Serie A",36,193,80,36,2469,0.47,40.2,0.15,10.6,21.1,29.7,0.22,1.42,0.29,3.25,0.55,0,10.6,1.42,48.7,1.61,54.3
801,"Odsonne Édouard","FRA","FW","Crystal Palace","Premier League",24,173,67,28,1564,0.34,44.7,0.13,12.7,18.1,25,0.17,0.75,0.06,2.24,0.17,0,19.5,3.22,41.1,0.63,41.8
808,"Hugo Ekitike","FRA","FW","Reims","Ligue 1",20,189,70,24,1273,0.71,55.2,0.31,14.7,20.4,28.7,0.21,0.64,0.14,2.7,0.64,0.14,18.1,3.55,60,2.34,44.9
810,"Caleb Ekuban","GHA","FWMF","Genoa","Serie A",28,182,80,30,1716,0.05,17.9,0.03,13.9,15.8,22.7,0.1,0.52,0.05,1.68,0.16,0.05,16.6,2.36,51.1,1.78,38.5
812,"Alberth Elis","HON","FWMF","Bordeaux","Ligue 1",26,180,77,20,1409,0.57,40,0.3,13.8,12.7,20.5,0.06,0.64,0.25,2.23,0.13,0,18.5,3.06,43.8,1.46,36.8
814,"Elif Elmas","MKD","FWMF","Napoli","Serie A",23,184,74,37,1620,0.17,37.5,0.09,17.5,39.7,45.8,0.22,1.11,0.11,2.78,0.5,0,15.3,1.89,73.5,1.67,24.2
821,"Breel Embolo","SUI","FWMF","M'Gladbach","Bundesliga",25,187,88,29,2166,0.37,47.9,0.19,13.5,17.8,24.4,0.12,1,0.08,3.28,0.37,0,16.3,3.36,44.4,3.44,31.9
825,"Youssef En-Nesyri","MAR","FW","Sevilla","La Liga",25,188,78,23,1277,0.35,33.3,0.11,11.5,8.87,12.9,0.07,0.14,0,0.85,0.28,0.07,16.1,1.13,37.5,0.77,44.7
851,"Radamel Falcao","COL","FW","Rayo Vallecano","La Liga",36,186,88,22,838,0.65,45.5,0.18,12.7,14.3,18.7,0,0.22,0.11,1.51,0.32,0,15.9,0.65,50,1.94,43
873,"João Félix","POR","FWMF","Atlético Madrid","La Liga",23,181,70,24,1263,0.57,38.5,0.21,14.5,24.4,32.9,0.29,1.86,0.21,3.14,0.71,0.07,9.5,3.57,52,4.79,47.1
894,"Roberto Firmino","BRA","FW","Liverpool","Premier League",31,181,76,20,990,0.45,36.7,0.17,15.1,35.7,45.5,0.36,1,0.09,3.36,0.55,0,22.6,2.91,53.1,0.82,30.2
898,"Alexis Flips","FRA","FWMF","Reims","Ligue 1",22,173,68,25,1056,0.17,50,0.06,24,26.4,42.7,0.34,1.03,0.6,3.59,0.43,0,22.8,2.22,53.8,1.03,27.8
900,"Phil Foden","ENG","FW","Manchester City","Premier League",22,171,69,28,2128,0.38,37.9,0.16,14.1,37.5,46.4,0.21,1.69,0.42,3.52,0.55,0,17.4,2.33,70.9,1.61,19.5
910,"Pablo Fornals","ESP","FWMF","West Ham","Premier League",26,178,67,36,2795,0.19,25.6,0.14,18.4,33.3,44.4,0.1,1.7,0.35,2.8,0.29,0,21.4,1.74,46.3,1.29,43.3
915,"Philipp Förster","GER","FWMF","Stuttgart","Bundesliga",27,188,84,20,967,0.19,24.1,0.07,17.4,34.9,40.1,0.09,1.31,0.28,2.34,0.19,0,21.5,1.87,50,0.93,40.7
929,"Ryan Fraser","SCO","FWMF","Newcastle Utd","Premier League",28,163,70,27,1465,0.12,29.2,0.08,17.2,20.4,29.3,0.18,1.35,0.8,2.88,0.37,0,10.2,0.43,28.6,1.47,23.3
946,"Manolo Gabbiadini","ITA","FWMF","Sampdoria","Serie A",31,181,75,18,1140,0.47,47.7,0.14,18.4,17.7,26.8,0.16,1.1,0.31,2.6,0.31,0,9.61,0.94,50,1.26,29.9
960,"Kévin Gameiro","FRA","FW","Strasbourg","Ligue 1",35,172,70,35,2385,0.42,38.5,0.15,13.5,24.1,30.2,0.11,0.94,0.11,2.23,0.3,0,17.8,1.4,51.4,0.79,16
962,"Ignatius Ganago","CMR","FW","Lens","Ligue 1",23,179,82,28,1024,0.44,31.3,0.16,13.2,13.1,18,0.09,0.35,0,2.46,0.26,0.09,12.6,1.84,52.4,1.05,33.3
964,"Álvaro García","ESP","FW","Rayo Vallecano","La Liga",30,168,59,36,2998,0.21,35.8,0.1,16.4,19.4,31.1,0.12,1.47,0.78,2.58,0.21,0,13.4,1.35,44.4,0.96,22.2
984,"Joe Gelhardt","ENG","FWMF","Leeds United","Premier League",20,175,76,20,746,0.24,40.9,0.09,15.8,12.7,18.8,0.24,1.33,0.12,2.65,0.72,0.24,24.6,3.49,48.3,3.37,20.5
987,"Valère Germain","FRA","FW","Montpellier","Ligue 1",32,180,73,34,1970,0.18,50,0.13,11.9,16.5,21.6,0.14,0.64,0.05,1.32,0.23,0,15.9,0.37,37.5,1.32,36.1
989,"Willem Geubbels","FRA","FWMF","Nantes","Ligue 1",21,185,72,22,544,0.33,23.1,0.15,15.4,16.7,23.7,0.17,0,0,0.67,0.33,0,20.2,2.83,29.4,0.67,32.1
990,"Hamadi Al Ghaddioui","MAR","FW","Stuttgart","Bundesliga",32,193,90,10,498,0.36,33.3,0.17,11.3,13.3,19.8,0.36,0.36,0,1.82,0.55,0,18.9,0.73,0,1.27,46.9
1012,"Olivier Giroud","FRA","FW","Milan","Serie A",36,193,91,29,1892,0.52,37.7,0.15,11.2,16,23.1,0.14,0.52,0.05,2.38,0.29,0,18,0.29,50,1.19,58.7
1013,"Serge Gnabry","GER","FWDF","Bayern Munich","Bundesliga",27,175,75,34,2185,0.58,38.2,0.21,16.1,44,55.7,0.21,2.8,0.62,4.36,0.66,0.08,16.5,4.16,64.4,0.99,15
1018,"Aleksandr Golovin","RUS","FWMF","Monaco","Ligue 1",26,180,69,27,1502,0.18,30.4,0.13,18.7,34.3,46.3,0.24,2.04,0.42,4.01,0.42,0,24.5,2.4,72.5,1.38,28.1
1022,"Dani Gómez","ESP","FW","Levante","La Liga",24,178,69,28,1063,0.34,45.2,0.13,14.9,14,17.5,0.17,0.34,0.08,2.46,0.51,0,20,3.81,40,2.03,13.2
1049,"Amine Gouiri","FRA","FWMF","Nice","Ligue 1",22,180,72,38,2754,0.33,45.7,0.1,17.7,26.7,34.3,0.29,1.31,0.23,3.99,0.46,0,14.1,3.46,52.8,1.21,37.8
1057,"Adrian Grbić","AUT","FWMF","Lorient","Ligue 1",26,195,93,16,518,0.17,50,0.08,19,12.1,19.1,0,0.17,0,1.38,0,0,18.3,0.34,50,1.72,41.7
1059,"Jack Grealish","ENG","FW","Manchester City","Premier League",27,180,68,26,1914,0.14,35.6,0.07,14.3,39,45.1,0.14,1.92,0.14,5.16,0.33,0,12.6,2.77,57.6,3.05,34.8
1062,"Mason Greenwood","ENG","FWMF","Manchester Utd","Premier League",21,181,70,18,1271,0.35,37.5,0.1,18.7,28.2,35.7,0.07,0.92,0.21,3.12,0.5,0,10.9,3.55,58,1.56,40
1064,"Michael Gregoritsch","AUT","FWMF","Augsburg","Bundesliga",28,193,87,25,1392,0.58,39,0.2,15.8,16.5,27,0,0.45,0.19,0.9,0.06,0,21.9,1.61,28,1.1,64.2
1074,"Arnaut Groeneveld","NED","FW","Villarreal","La Liga",25,187,74,23,1472,0.61,42.4,0.12,14.7,17.5,23.4,0.18,0.98,0.24,2.2,0.49,0.18,7.93,3.84,41.3,1.16,12.5
1079,"Sergi Guardiola","ESP","FW","Rayo Vallecano","La Liga",31,184,78,32,1710,0.42,33.3,0.15,14.4,15.9,22.9,0.11,0.68,0.11,1.79,0.32,0,21.7,1.05,35,1.74,34
1083,"Gonçalo Guedes","POR","FWMF","Valencia","La Liga",26,179,68,36,2606,0.38,35.8,0.15,21.3,20.1,30.5,0.21,1.66,0.48,3.21,0.48,0.07,11.8,3.59,51.9,3.03,29.8
1088,"Evann Guessand","FRA","FW","Nice","Ligue 1",21,185,79,20,438,0.2,30.8,0.08,10.1,11.6,15.5,0.41,0,0,2.24,0.61,0,16.9,3.27,62.5,2.04,51.7
1099,"Sehrou Guirassy","GUI","FW","Rennes","Ligue 1",26,187,82,37,1016,0.8,37.8,0.2,12.6,21.5,26.7,0,0.53,0,1.77,0.09,0,14.5,1.33,66.7,3.45,52.6
1114,"Albert Guðmundsson","ISL","FWMF","Genoa","Serie A",25,177,80,12,607,0.15,11.1,0.11,17.5,21.8,33.1,0,1.64,0.75,2.84,0,0,19.6,1.49,50,1.34,31.3
1116,"Emmanuel Gyasi","GHA","FWDF","Spezia","Serie A",28,181,70,36,3035,0.18,35.9,0.15,14.4,23,28,0,0.53,0.12,1.48,0.18,0,12.8,1.69,57.9,1.63,25.6
1118,"Erling Haaland","NOR","FW","Dortmund","Bundesliga",22,194,88,24,1911,1.04,41.9,0.22,13.5,16,22.3,0.38,0.94,0,2.59,0.66,0.09,12.8,0.99,52.4,0.8,54.9
1122,"Robin Hack","GER","FWMF","Arminia","Bundesliga",24,176,68,30,1364,0,19.4,0,20.8,23.5,32.4,0.2,1.45,0.33,2.43,0.2,0,19.1,3.88,49.2,1.71,22.5
1132,"Romain Hamouma","FRA","FW","Saint-Étienne","Ligue 1",35,178,76,22,886,0.2,31.8,0.09,17.1,22.9,32.6,0.1,0.51,0.1,3.37,0.31,0,20,3.06,46.7,1.43,23.5
1137,"Amine Harit","MAR","FWMF","Marseille","Ligue 1",25,180,67,23,1165,0.31,46.7,0.27,15.7,47.3,54,0.31,1.24,0.31,3.8,0.54,0.16,18.5,3.64,51.1,3.02,23.8
1139,"Jack Harrison","ENG","FWMF","Leeds United","Premier League",26,175,70,35,2639,0.27,38.6,0.18,16.9,22.7,34.8,0.03,1.5,0.38,2.7,0.1,0.03,20.5,3.55,47.1,0.92,26.1
1145,"Kai Havertz","GER","FWMF","Chelsea","Premier League",23,188,83,29,1809,0.4,41.1,0.14,12.2,27.2,33.3,0.15,0.9,0.05,2.64,0.35,0.05,17.5,2.14,48.8,1.54,39.6
1147,"Eden Hazard","BEL","FWMF","Real Madrid","La Liga",31,175,74,18,717,0,58.3,0,15.1,45.8,51.4,0.13,1.5,0,5.5,0.13,0,9.38,2.88,82.6,4.5,37.5
1162,"Luis Henrique","BRA","FWMF","Marseille","Ligue 1",21,181,74,20,699,0,33.3,0,15.3,21.3,26.9,0.13,0.9,0.26,1.79,0.13,0,13.3,2.44,26.3,0.51,16.7
1165,"Thomas Henry","FRA","FW","Venezia","Serie A",28,192,86,33,2115,0.38,46,0.18,12.8,12,19.4,0.09,0.38,0.09,1.62,0.26,0,10.1,1.23,48.3,3.32,49.3
1181,"Son Heung-min","KOR","FWMF","Tottenham","Premier League",30,183,76,35,3006,0.69,54.7,0.27,15.4,27.9,36.6,0.21,1.35,0.12,3.86,0.45,0,11.5,2.57,59.3,1.38,23.8
1191,"Lucas Höler","GER","FWMF","Freiburg","Bundesliga",28,184,83,34,2583,0.24,42.6,0.11,13.9,21.9,31.5,0.07,1.01,0.07,2.96,0.35,0.03,18.3,1.6,37,2.37,54.5
1193,"Gerrit Holtmann","PHI","FWMF","Bochum","Bundesliga",27,185,77,29,1840,0.25,42.6,0.11,20.3,12.1,17.9,0.2,1.32,0.69,2.94,0.44,0.1,15.1,4.46,50.5,0.78,16.3
1204,"Branimir Hrgota","SWE","FW","Greuther Fürth","Bundesliga",29,185,76,34,2777,0.29,33.3,0.07,19.8,17.3,24.2,0.16,0.81,0.16,2.3,0.26,0,22.8,3.11,47.9,2.39,20.2
1209,"Callum Hudson-Odoi","ENG","FWMF","Chelsea","Premier League",22,178,79,15,962,0.09,41.2,0.06,13.2,29.3,36.7,0.19,1.87,0.47,4.77,0.56,0,14.8,2.8,63.3,2.06,29.4
1219,"Zlatan Ibrahimović","SWE","FW","Milan","Serie A",41,195,95,23,1016,0.71,34.7,0.16,14.8,28,38.8,0.18,1.86,0.27,3.98,0.44,0,9.03,0.8,22.2,0.97,66.7
1220,"Mauro Icardi","ARG","FW","Paris S-G","Ligue 1",29,181,75,24,1027,0.35,35.7,0.14,10.3,10.5,13.2,0,0.35,0,1.75,0.35,0,16.5,0.61,28.6,0.79,33.3
1221,"Adam Idah","IRL","FWMF","Norwich City","Premier League",21,190,83,17,625,0.14,28.6,0.07,12.4,13.9,20.6,0.14,0.58,0.29,1.74,0.14,0,13.5,2.32,75,1.74,30.8
1225,"Borja Iglesias","ESP","FW","Betis","La Liga",29,187,86,33,1573,0.57,44.7,0.18,14.8,13.8,19.4,0,0.69,0.06,1.89,0.23,0,14.9,1.83,37.5,1.89,31.6
1229,"Kelechi Iheanacho","NGA","FW","Leicester City","Premier League",26,185,82,26,1264,0.29,35.5,0.13,17.1,19.4,25.1,0.36,1,0.14,2.57,0.57,0,17.4,2.29,46.9,0.86,24.6
1234,"Josip Iličić","SVN","FWMF","Atalanta","Serie A",34,190,79,20,841,0.32,22.6,0.1,18.6,39.8,53.3,0.32,2.69,0.32,6.45,0.86,0.22,12.9,3.33,54.8,4.19,7.1
1237,"Ciro Immobile","ITA","FW","Lazio","Serie A",32,185,85,31,2711,0.9,45.9,0.18,15,23.1,29.4,0.07,0.56,0.07,2.33,0.47,0.1,15.1,1.43,34.9,1.36,23.4
1239,"Danny Ings","ENG","FW","Aston Villa","Premier League",30,178,73,30,1898,0.33,35.4,0.13,13.3,12.2,18,0.28,0.66,0.14,1.47,0.38,0,18.2,1.66,31.4,0.66,30.7
1243,"Lorenzo Insigne","ITA","FW","Napoli","Serie A",31,163,59,32,2290,0.43,29.6,0.02,22.1,47.2,59.3,0.31,2.09,0.28,4.45,0.63,0,14.2,3.5,48.3,0.98,33.3
1246,"Alexander Isak","SWE","FW","Real Sociedad","La Liga",23,192,77,32,2140,0.25,45.1,0.06,15.4,13.9,19.1,0.08,0.88,0.08,2.52,0.21,0.04,10.9,3.87,45.7,1.43,36.9
1251,"Cedric Itten","SUI","FW","Greuther Fürth","Bundesliga",26,189,81,12,635,0.28,56.3,0.13,13.9,12.7,21.3,0,0.14,0,1.13,0,0,21,0.99,42.9,1.13,34.3
1270,"Adnan Januzaj","BEL","FWMF","Real Sociedad","La Liga",27,186,76,33,1625,0.17,32.5,0.03,22.7,26.4,40.7,0,1.66,0.66,3.65,0.33,0.06,10.6,4.7,50.6,3.37,36.1
1275,"Luis Javier Suárez","COL","FW","Granada","La Liga",25,185,74,36,2782,0.26,31.4,0.09,16.7,14.5,21.9,0.13,0.78,0.29,2.07,0.23,0,14.7,2.3,49.3,1.29,30.4
1281,"Gabriel Jesus","BRA","FW","Manchester City","Premier League",25,175,73,28,1877,0.38,33.3,0.11,13.2,30.5,36.3,0.38,1.48,0.29,3.73,0.86,0.1,14.1,2.92,65.6,1.48,33.9
1284,"Raúl Jiménez","MEX","FW","Wolves","Premier League",31,188,81,34,2631,0.21,26.3,0.09,16.1,19.1,26.7,0.14,0.62,0.14,2.29,0.51,0.1,15.2,3.18,40.9,1.99,44.3
1289,"Dennis Johnsen","NOR","FWMF","Venezia","Serie A",24,196,81,26,1445,0.06,35.7,0.07,15.7,12.1,20.1,0.12,1.12,0.43,2.05,0.12,0,15.5,4.16,37.3,0.87,27.6
1294,"Luuk de Jong","NED","FW","Barcelona","La Liga",32,188,86,21,654,0.82,34.6,0.23,9.9,19.3,26,0,0.27,0,0.68,0,0,13.8,0.96,57.1,2.05,62.1
1299,"Willian José","BRA","FW","Betis","La Liga",31,189,91,32,1604,0.51,25,0.19,18.5,23.2,29.9,0.22,0.45,0.06,2.42,0.34,0,12.6,1.01,44.4,1.29,32.3
1303,"Diogo Jota","POR","FW","Liverpool","Premier League",26,178,73,35,2364,0.57,36.3,0.16,11.8,21.6,29.3,0.15,1.18,0.08,3.31,0.53,0.15,22.4,2.78,43.8,1.71,27.8
1304,"Stevan Jovetić","MNE","FW","Hertha BSC","Bundesliga",33,183,79,18,1017,0.53,35.6,0.13,18,23.4,33.4,0.09,1.59,0.27,3.27,0.27,0,11.2,2.57,37.9,1.77,48
1311,"Hamed Junior Traorè","CIV","FWMF","Sassuolo","Serie A",22,177,68,31,1775,0.36,43.1,0.14,16.3,32.7,41.7,0.1,1.78,0.2,3.45,0.36,0.05,20.7,4.82,51.6,1.73,27.3
1313,"Vinicius Júnior","BRA","FW","Real Madrid","La Liga",22,180,79,35,2690,0.57,51.9,0.21,15,36.5,43.4,0.33,2.24,0.27,5.69,0.84,0.1,18.4,7.53,44.9,2.74,17.4
1323,"Tino Kadewere","ZIM","FW","Lyon","Ligue 1",26,183,71,15,506,0.18,38.9,0.06,12.8,24.3,29.8,0,1.25,0.36,2.14,0,0,22.3,1.96,63.6,0.89,23.8
1326,"Sasa Kalajdzic","AUT","FW","Stuttgart","Bundesliga",25,200,83,15,1221,0.44,36.1,0.14,12.5,19.6,28.1,0.07,0.51,0.07,2.5,0.22,0,17.9,1.03,42.9,1.47,59
1329,"Nikola Kalinić","CRO","FW","Hellas Verona","Serie A",34,187,79,14,406,0.89,30.8,0.31,9.2,18.9,22.7,0.22,0.44,0,3.33,0.44,0,7.78,1.56,42.9,2.22,37.5
1330,"Yayah Kallon","SLE","FWMF","Genoa","Serie A",21,179,70,15,636,0,9.1,0,17.9,16.8,25.5,0.14,0.56,0.14,3.38,0.56,0,19.9,2.68,68.4,2.11,22.7
1343,"Harry Kane","ENG","FW","Tottenham","Premier League",29,188,89,37,3232,0.47,38.9,0.1,16.9,18.4,26.5,0.25,1.14,0.22,3.26,0.58,0.03,10.5,2.84,60.8,1.95,47.3
1372,"Wahbi Khazri","TUN","FWMF","Saint-Étienne","Ligue 1",31,182,76,30,2225,0.4,25.7,0.09,23.3,17.4,25.2,0,1.01,0.16,2.79,0.12,0,15.3,2.51,43.5,1.98,29.6
1380,"Joshua King","NOR","FW","Watford","Premier League",30,184,82,32,2248,0.2,37.5,0.08,14.7,15.5,21,0.12,0.52,0.08,2.4,0.28,0.04,19.4,2.68,53.7,1,42.3
1388,"Mateo Klimowicz","GER","FWMF","Stuttgart","Bundesliga",22,179,71,15,603,0,27.3,0,18.8,21.8,29.3,0.15,1.49,0,2.24,0.15,0,18.4,3.28,36.4,1.49,0
1389,"Fabian Klos","GER","FW","Arminia","Bundesliga",35,194,93,25,1420,0.19,37.8,0.03,15.9,15,28,0.06,0.51,0.13,1.52,0.06,0,16,0.95,66.7,1.01,51.7
1408,"Randal Kolo Muani","FRA","FWMF","Nantes","Ligue 1",24,187,73,36,2948,0.37,47.3,0.22,11.3,12.3,18.3,0.12,0.46,0.18,2.47,0.4,0.09,14.9,3.02,47.5,2.23,36.8
1413,"Ibrahima Koné","MLI","FW","Lorient","Ligue 1",23,190,83,16,732,0.62,57.1,0.36,14.8,12.5,17.5,0.12,0.49,0.12,3.09,0.37,0,15.7,0.86,28.6,1.36,25.9
1432,"Andrej Kramarić","CRO","FWMF","Hoffenheim","Bundesliga",31,177,73,32,2707,0.2,37.6,0.06,15.3,27.2,35.1,0.3,1.36,0.33,2.79,0.37,0,10.7,1.53,52.2,1.06,37.7
1434,"Jean-Philippe Krasso","FRA","FW","Saint-Étienne","Ligue 1",25,187,90,16,453,0.2,16.7,0.08,10.5,13.8,21.2,0.2,0.2,0.2,2,0.6,0,22.8,5.6,46.4,1.8,47.4
1437,"Florian Krüger","GER","FWMF","Arminia","Bundesliga",23,186,81,27,1129,0.08,27.8,0.06,18.1,17,24.8,0.16,1.28,0.4,1.68,0.16,0,14.6,1.76,31.8,0.96,37.8
1440,"Max Kruse","GER","FWMF","Wolfsburg","Bundesliga",34,180,76,14,1128,0.56,47.4,0.26,17.1,29.3,39.8,0.08,1.2,0.4,2.08,0.24,0,13.8,0.96,75,0.96,35.1
1443,"Takefusa Kubo","JPN","FWMF","Mallorca","La Liga",21,173,67,28,1605,0.06,18.4,0.02,19.8,20.4,29,0,1.46,0.39,3.88,0.22,0,19,3.82,52.9,3.03,41.9
1453,"Andrea La Mantia","ITA","FW","Empoli","Serie A",31,190,81,18,488,0.37,17.6,0.12,9.8,13,18.1,0,0.19,0,2.04,0.19,0,7.59,0,0,1.67,62.3
1454,"Gaëtan Laborde","FRA","FW","Rennes","Ligue 1",28,181,78,34,2729,0.4,38.6,0.12,11.8,14.3,21.7,0.26,0.96,0.33,2.41,0.59,0.03,19.3,1.29,38.5,0.69,38.8
1456,"Alexandre Lacazette","FRA","FWMF","Arsenal","Premier League",31,176,77,30,1782,0.2,27.9,0.05,14.8,17.7,23,0.35,1.01,0.05,3.28,0.45,0,18.1,1.52,56.7,1.82,24.4
1467,"Érik Lamela","ARG","FW","Sevilla","La Liga",30,184,80,20,1015,0.44,54.5,0.23,15.7,36.2,42.4,0.18,1.24,0,3.1,0.35,0,20,2.48,46.4,1.24,34.6
1468,"Didier Lamkel Zé","CMR","FW","Metz","Ligue 1",26,193,79,9,605,0.45,50,0.21,12.1,19.1,26.9,0,0.3,0.15,2.24,0,0,8.51,2.24,53.3,2.24,40
1469,"Sam Lammers","NED","FW","Eint Frankfurt","Bundesliga",25,191,77,15,517,0.18,33.3,0.08,12.5,15.6,23.7,0,0.53,0,1.23,0,0,21.8,2.81,37.5,0.53,56
1476,"Kevin Lasagna","ITA","FWMF","Hellas Verona","Serie A",30,186,80,28,1184,0.15,39,0.05,16.1,14.5,21.7,0.3,1.14,0.08,2.42,0.53,0,14.8,1.52,60,0.83,39.8
1478,"Bryan Lasme","FRA","FW","Arminia","Bundesliga",24,188,85,23,877,0.21,50,0.14,14.5,12.6,20.3,0,0.93,0.41,1.96,0,0,20.5,2.78,37,1.03,48.7
1486,"Jérémy Le Douaron","FRA","FW","Brest","Ligue 1",24,189,77,32,1446,0.31,43.2,0.14,13.7,12.7,19.6,0.19,0.56,0.31,1.37,0.19,0,24.3,2.36,31.6,2.05,38.4
1492,"Rafael Leão","POR","FW","Milan","Serie A",23,188,81,34,2605,0.38,39.2,0.11,18.8,20,27.9,0.35,1.76,0.31,3.63,0.73,0.17,9.24,5.74,57.2,1.7,45
1496,"Wu Lei","CHN","FWMF","Espanyol","La Liga",31,174,66,23,474,0.19,71.4,0.14,14.6,13.6,19.1,0,0.19,0,2.08,0,0,15.5,1.51,25,1.13,41.4
1513,"Robert Lewandowski","POL","FW","Bayern Munich","Bundesliga",34,184,80,34,2946,1.07,49,0.19,12.6,18,23.5,0.09,0.95,0.09,3.18,0.46,0.03,9.79,1.99,52.3,1.35,49
1514,"Jamie Leweling","GER","FWDF","Greuther Fürth","Bundesliga",21,184,86,33,1959,0.23,35.6,0.11,17.3,12.8,19.4,0.05,0.5,0.14,1.83,0.09,0,17.6,3.67,52.5,2.39,20.7
1526,"Jesper Lindstrøm","DEN","FWMF","Eint Frankfurt","Bundesliga",22,181,63,29,1976,0.23,32.7,0.09,17.2,19.2,27.6,0.18,0.82,0.23,3.41,0.18,0,22.7,3.27,45.8,0.68,16.4
1540,"Jürgen Locadia","NED","FWMF","Bochum","Bundesliga",29,185,87,11,444,0.41,41.2,0.06,19.1,19.8,25.1,0.2,0.41,0.2,4.08,0.82,0,22,0.82,50,1.84,30.8
1549,"Ademola Lookman","NGA","FWMF","Leicester City","Premier League",25,174,71,26,1453,0.37,44.4,0.22,13.9,26,33.3,0,1.37,0.25,2.48,0.12,0,21.4,4.04,61.5,2.48,19
1569,"Anthony Lozano","HON","FWMF","Cádiz","La Liga",29,185,74,31,1672,0.38,40.8,0.14,14.3,10,16.3,0.11,0.32,0.16,1.94,0.48,0.05,13.5,2.63,51,2.26,39.5
1579,"Romelu Lukaku","BEL","FW","Chelsea","Premier League",29,191,94,26,1589,0.45,31,0.17,13.1,13.2,18.1,0,0.51,0,2.49,0.28,0.06,10.7,1.64,51.7,0.79,49
1608,"Riyad Mahrez","ALG","FW","Manchester City","Premier League",31,179,67,28,1498,0.66,32.1,0.13,17.2,46.2,56,0.3,2.35,0.36,3.86,0.42,0,11.6,2.65,59.1,1.08,42.9
1624,"Donyell Malen","NED","FW","Dortmund","Bundesliga",23,179,78,27,1684,0.27,44.7,0.11,16.5,21.4,28.9,0.16,0.96,0.27,2.83,0.64,0,12.5,2.03,44.7,2.03,24.3
1625,"Ruslan Malinovskyi","UKR","FWMF","Atalanta","Serie A",29,181,79,30,1592,0.34,29.3,0.1,21.4,38.3,51.9,0.28,2.71,0.4,5.03,0.45,0,20.3,3.73,56.1,2.71,45.3
1630,"Rey Manaj","ALB","FW","Spezia","Serie A",25,182,76,30,1768,0.26,27.5,0.06,17.4,17.3,22.9,0,0.31,0.05,2.24,0.2,0,18.9,2.55,38,3.32,38.5
1641,"Sadio Mané","SEN","FW","Liverpool","Premier League",30,175,69,34,2819,0.51,37.4,0.16,13.3,26.2,34.9,0.06,1.73,0.19,3.1,0.42,0.03,14.4,2.62,59.8,1.95,34.9
1650,"Sekou Mara","FRA","FW","Bordeaux","Ligue 1",20,184,79,26,905,0.59,44.4,0.14,18.7,13.8,20.4,0,0.4,0.1,2.38,0.3,0.1,22.9,3.47,34.3,2.28,42.2
1671,"Omar Marmoush","EGY","FWMF","Stuttgart","Bundesliga",23,177,68,21,1571,0.17,26.5,0.06,18.8,19,26,0.29,0.46,0.17,4.17,0.63,0.06,20.3,5.77,41.6,3.6,42.9
1675,"Anthony Martial","FRA","FWMF","Sevilla","La Liga",27,184,76,9,490,0,42.9,0,21.4,23.7,29.1,0.19,0.74,0.19,0.56,0.19,0,15.6,3.33,38.9,2.22,18.2
1690,"Lautaro Martínez","ARG","FW","Inter","Serie A",25,174,81,35,2282,0.83,42.3,0.16,13,15.7,20.9,0.12,0.87,0.16,2.99,0.39,0,14.9,1.93,40.8,2.28,39.3
1692,"Gelson Martins","POR","FWMF","Monaco","Ligue 1",27,173,74,32,1905,0.19,37.9,0.14,13,24.7,32.3,0.14,0.66,0.19,1.93,0.24,0,23.1,4.86,51.5,1.79,38.5
1700,"Jaime Mata","ESP","FW","Getafe","La Liga",34,180,73,22,672,0.13,33.3,0.11,13.6,18,27.1,0,0.4,0,1.73,0,0,14.7,1.2,55.6,2.27,29.9
1705,"Jean-Philippe Mateta","FRA","FW","Crystal Palace","Premier League",25,192,88,22,1145,0.39,48.6,0.14,10.5,13.3,19.1,0.08,0.24,0.08,1.42,0.16,0,19.6,1.97,60,0.79,44.2
1710,"Neal Maupay","FRA","FW","Brighton","Premier League",26,171,69,32,2276,0.32,23.7,0.12,15.9,18.9,24.4,0.08,1.03,0.08,2.53,0.12,0,20.1,1.94,59.2,1.54,23.5
1711,"Stephy Mavididi","ENG","FWMF","Montpellier","Ligue 1",24,182,71,30,2299,0.31,39,0.14,16.3,17.8,22.6,0.12,0.71,0.24,2.55,0.27,0.04,17.3,3.96,45.5,2.04,18
1721,"Kylian Mbappé","FRA","FW","Paris S-G","Ligue 1",24,178,73,35,3023,0.83,41.7,0.17,16.8,34.6,43.2,0.54,1.79,0.42,5.12,1.13,0.3,8.36,6.19,49.5,1.73,35.3
1724,"Bryan Mbeumo","FRA","FW","Brentford","Premier League",23,171,75,35,2905,0.12,24.7,0.04,15.9,16.8,25.2,0.22,0.8,0.15,2.38,0.37,0,15.6,2.29,47.3,1.27,21.7
1726,"Jordi Mboula","ESP","FW","Mallorca","La Liga",23,183,74,11,434,0,0,0,13.2,10.8,18.8,0,0.21,0,1.46,0.21,0,16.7,2.92,64.3,1.88,46.2
1728,"Nathanael Mbuku","FRA","FWMF","Reims","Ligue 1",20,170,65,31,1418,0.13,39.4,0.06,18.7,17,23.5,0.06,0.57,0.06,2.72,0.25,0,15.9,2.78,61.4,2.85,52
1747,"Filippo Melegoni","ITA","FWMF","Genoa","Serie A",23,186,74,25,980,0.09,53.8,0.08,22,22.6,32.5,0,1.19,0.46,2.75,0.18,0,23.9,1.83,45,1.83,23.1
1758,"Édgar Méndez","ESP","FWMF","Alavés","La Liga",32,187,76,32,1614,0.06,30.8,0.04,18.2,14.7,24.1,0.06,1.12,0.84,1.84,0.06,0,21.1,1.96,45.7,1.96,43
1773,"Dries Mertens","BEL","FWMF","Napoli","Serie A",35,169,61,30,1384,0.71,43.2,0.23,18.2,26.9,35.9,0.06,1.17,0.19,4.09,0.58,0.06,20.1,1.43,54.5,1.56,18.2
1775,"Lionel Messi","ARG","FWMF","Paris S-G","Ligue 1",35,170,72,26,2153,0.25,31.5,0.07,18,59.1,69.7,0.59,3.77,0.21,6.03,1,0.17,9.21,4.52,64.8,1.59,75
1776,"Junior Messias","BRA","FWMF","Milan","Serie A",31,179,70,26,1428,0.31,38.6,0.11,17.4,23.2,34.4,0.13,1.19,0.38,2.7,0.19,0,17.4,3.65,48.3,1.64,41.1
1791,"Arkadiusz Milik","POL","FW","Marseille","Ligue 1",28,186,78,23,1416,0.45,35.8,0.11,13.2,19.7,24.4,0.13,0.76,0,1.78,0.38,0,15.4,0.51,37.5,0.89,54.1
1797,"Pere Milla","ESP","FWMF","Elche","La Liga",30,184,72,32,1644,0.44,48.3,0.28,12.4,21.4,29.2,0.16,0.66,0.16,1.53,0.27,0.05,21.6,2.13,46.2,2.9,34.1
1800,"Santi Mina","ESP","FW","Celta Vigo","La Liga",27,181,77,33,2367,0.27,35.6,0.12,14.4,17.3,25.6,0.11,0.42,0,1.63,0.27,0,19.3,0.87,43.5,1.86,44.2
1805,"Rafa Mir","ESP","FW","Sevilla","La Liga",25,191,87,34,1808,0.5,36.1,0.16,12.3,12,17.5,0,0.35,0.05,1.54,0.25,0,14.1,1.24,56,1.04,50.7
1815,"Anthony Modeste","FRA","FW","Köln","Bundesliga",34,187,84,32,2606,0.69,40.2,0.18,11.5,10.1,15.3,0.14,0.24,0.07,1.34,0.17,0.03,12.7,0.69,45,1.31,55.6
1818,"Terem Moffi","NGA","FW","Lorient","Ligue 1",23,188,82,37,2711,0.27,34.5,0.1,15.1,14.1,18.9,0.13,0.56,0.13,2.23,0.33,0.1,14.7,2.16,56.9,0.73,36.9
1823,"Jorge Molina","ESP","FW","Granada","La Liga",40,188,72,35,1966,0.46,48.9,0.22,13.1,15.8,24.4,0.23,0.46,0.05,2.29,0.23,0,10.2,0.73,31.3,2.02,46.4
1826,"Florent Mollet","FRA","FWMF","Montpellier","Ligue 1",31,170,67,35,2630,0.21,30.9,0.11,21.2,33.1,40.9,0.07,0.79,0.27,2.36,0.21,0.03,13.3,1.4,43.9,1.68,32.6
1835,"Álvaro Morata","ESP","FW","Juventus","Serie A",30,190,84,35,2302,0.35,38.3,0.13,12.8,20,26.5,0.16,0.78,0.23,3.09,0.47,0.04,17,1.76,44.4,3.28,48.8
1841,"Gerard Moreno","ESP","FW","Villarreal","La Liga",30,180,77,17,1191,0.68,36.1,0.22,14.1,24.5,35.8,0.23,1.89,0.3,3.71,0.45,0,8.64,4.09,63,1.52,54.5
1851,"Lebo Mothiba","RSA","FWMF","Troyes","Ligue 1",26,182,76,13,522,0.34,40,0.2,14.9,18.6,21.9,0,0.17,0.17,1.55,0.17,0,15.2,1.03,33.3,2.59,33.3
1859,"Steve Mounié","BEN","FW","Brest","Ligue 1",28,190,80,35,2312,0.35,33.3,0.1,12.1,17.6,28.3,0.08,0.47,0.04,1.91,0.35,0,21.1,0.74,42.1,1.4,64.9
1861,"Lucas Moura","BRA","FWMF","Tottenham","Premier League",30,174,70,34,1775,0.1,28.9,0.05,15.6,29.2,38.8,0.3,1.73,0.3,3.2,0.46,0,14.1,3.71,54.8,2.69,59.3
1875,"Luis Muriel","COL","FW","Atalanta","Serie A",31,179,79,27,1539,0.53,29.1,0.13,18.5,32.8,45,0.47,2.22,0.47,5.85,0.88,0.18,13.2,5.5,56.4,1.7,46.5
1879,"Jacob Murphy","ENG","FWDF","Newcastle Utd","Premier League",27,179,74,33,1473,0.06,21.4,0.04,19.7,22.2,34.9,0.12,1.16,0.61,2.74,0.3,0,19.5,1.71,53.6,1.04,27.7
1918,"Pedro Neto","POR","FWMF","Wolves","Premier League",22,172,62,13,466,0.19,23.5,0.06,18.7,32.9,43.8,0.19,0.77,0.38,4.42,0.19,0,17.3,4.23,40.9,1.35,37.5
1928,"Opa Nguette","SEN","FWMF","Metz","Ligue 1",28,182,76,26,1048,0.17,30.4,0.09,16.2,16.8,22.2,0.17,0.26,0,1.98,0.43,0.09,19.5,4.22,38.8,2.24,44.4
1932,"Ibrahima Niane","SEN","FW","Metz","Ligue 1",23,187,73,26,1582,0.17,23.3,0.05,16.7,17.2,23.6,0.06,0.11,0.06,1.48,0.28,0,12.4,1.25,45.5,1.65,43.2
1933,"M'Baye Niang","SEN","FW","Bordeaux","Ligue 1",28,188,83,22,777,0.35,40,0.12,15.8,13.4,20.5,0.12,0.12,0,1.86,0.23,0,18.4,2.09,38.9,2.21,35.3
1935,"Florian Niederlechner","GER","FW","Augsburg","Bundesliga",32,187,86,26,1165,0.39,42.9,0.18,11.8,12.6,17.4,0.23,0.47,0.16,2.25,0.47,0,14.7,1.78,39.1,1.94,39.5
1941,"Casimir Ninga","CHA","FW","Angers","Ligue 1",29,186,81,16,409,0,11.1,0,11.8,13.8,17.3,0,0.22,0,0.67,0,0,22.2,2.67,66.7,3.11,4.5
1942,"Fernando Niño","ESP","FW","Mallorca","La Liga",22,190,78,23,884,0.2,56.5,0.09,12.2,14.9,21.3,0,0.2,0,2.24,0,0,19.3,1.63,50,2.35,48.6
1943,"Eddie Nketiah","ENG","FW","Arsenal","Premier League",23,175,72,21,835,0.54,42.9,0.18,14.2,20.1,25.1,0.11,0.43,0,2.47,0.43,0,19.1,2.9,37,1.72,17.6
1945,"Christopher Nkunku","FRA","FWMF","RB Leipzig","Bundesliga",25,179,72,34,2723,0.66,48.8,0.24,15.7,27.8,34.7,0.43,1.91,0.26,4.42,0.92,0.1,17.9,3.33,59.4,2.21,43.8
1946,"Lukas Nmecha","GER","FWMF","Wolfsburg","Bundesliga",24,185,80,25,1627,0.44,38.9,0.15,12.5,15.3,22.5,0,0.88,0.11,2.27,0.33,0,18.9,2.49,55.6,1.88,42.5
1950,"Arnaud Nordin","FRA","FWMF","Saint-Étienne","Ligue 1",24,170,69,36,1874,0.19,42.9,0.08,16.4,21.5,28.6,0.19,0.77,0.29,2.26,0.38,0.1,13.9,3.13,46.2,2.55,30.5
1957,"Randy Ntekja","FRA","FWMF","Rayo Vallecano","La Liga",25,182,68,34,1462,0.19,26.7,0.1,12.7,17.3,25.4,0,0.49,0,1.98,0.31,0.06,22.5,2.59,42.9,1.73,43.6
1966,"M'Bala Nzola","ANG","FW","Spezia","Serie A",26,185,82,21,1068,0.17,59.1,0.09,13.8,16.9,21.1,0.08,0.25,0,1.68,0.17,0,14.8,1.51,61.1,0.76,25.8
1971,"Lucas Ocampos","ARG","FW","Sevilla","La Liga",28,188,84,30,2125,0.25,31.4,0.12,16.5,28,36.5,0.17,0.64,0.21,1.95,0.3,0.13,16.9,3.81,45.6,1.95,48.4
1978,"David Okereke","NGA","FWMF","Venezia","Serie A",25,181,77,32,2053,0.31,45,0.18,15.2,14.6,20.7,0,0.79,0.18,1.93,0.26,0.04,17.6,2.81,51.6,1.71,32.2
1983,"Michael Olise","FRA","FWMF","Crystal Palace","Premier League",21,180,68,26,1141,0.16,52.6,0.11,17.2,36.5,50.4,0.39,2.13,0.63,2.99,0.55,0,18.9,4.17,45.3,2.6,30
1995,"Karim Onisiwo","AUT","FW","Mainz 05","Bundesliga",30,188,85,31,2361,0.19,29.2,0.08,13.4,13.6,21.9,0.31,0.73,0.23,3.28,0.5,0.04,20.3,4.08,42.1,1.3,36.2
2001,"Riccardo Orsolini","ITA","FW","Bologna","Serie A",25,183,73,29,1785,0.3,28.3,0.08,18.8,25.1,37.7,0.15,1.11,0.66,2.83,0.25,0,12.9,2.88,47.4,2.47,45.2
2004,"Victor Osimhen","NGA","FW","Napoli","Serie A",24,185,78,27,1983,0.64,30.8,0.15,13.6,11.2,15.9,0.09,0.14,0.05,2.59,0.36,0,14,1.82,50,1.91,41.1
2019,"Mikel Oyarzabal","ESP","FWMF","Real Sociedad","La Liga",25,181,79,22,1671,0.48,31.6,0.13,18,23.7,35.1,0.16,1.24,0.32,3.39,0.32,0,14.5,2.2,51.2,1.67,43.5
2025,"Gonçalo Paciência","POR","FW","Eint Frankfurt","Bundesliga",28,184,79,18,516,0.53,29.6,0.07,18.5,17.5,27.7,0,0.53,0,1.75,0.18,0,14,1.93,81.8,2.46,38.1
2032,"Isaac Palazón Camacho","ESP","FWMF","Rayo Vallecano","La Liga",28,185,79,34,2288,0.08,22,0.03,21,25.4,35.2,0.16,0.71,0.16,2.95,0.31,0.08,19,2.95,45.3,3.07,44.5
2039,"Goran Pandev","MKD","FWMF","Genoa","Serie A",39,184,75,20,843,0,57.1,0,14.7,19.5,26.5,0.11,0.64,0,2.13,0.21,0,11.2,2.02,47.4,4.15,24.1
2061,"Leonardo Pavoletti","ITA","FW","Cagliari","Serie A",34,188,85,33,1518,0.3,30.6,0.14,9.8,19.8,30.1,0.06,0.41,0,1.66,0.18,0,11.4,0.47,50,1.95,55.2
2062,"Dimitri Payet","FRA","FWMF","Marseille","Ligue 1",35,175,77,31,2592,0.42,31.1,0.08,23.2,43.8,58.3,0.35,2.43,0.52,6.53,0.69,0.03,10.3,2.01,62.1,1.67,30.8
2067,"João Pedro","ITA","FW","Cagliari","Serie A",30,182,70,37,3323,0.35,37.9,0.11,14.3,14.2,19.9,0.11,0.62,0.08,2.17,0.19,0.03,13.1,1.76,49.2,2.47,37.1
2081,"Nicolas Pépé","CIV","FWMF","Arsenal","Premier League",27,183,73,20,696,0.13,30.4,0.04,15.2,38.1,47.4,0.26,1.3,0.39,3.64,0.52,0,15.8,5.32,48.8,0.65,33.3
2082,"Ricardo Pepi","USA","FWMF","Augsburg","Bundesliga",19,185,77,11,477,0,50,0,12.6,13,20.4,0,0.57,0.19,1.51,0,0,26.2,0.94,80,0.94,30.3
2089,"Gastón Pereiro","URU","FWMF","Cagliari","Serie A",27,190,76,29,975,0.37,42.9,0.19,20.2,21.6,34,0.19,1.2,0.46,3.61,0.28,0,23.2,1.67,61.1,0.83,41
2097,"Kike Pérez","ESP","FWMF","Elche","La Liga",25,184,80,12,519,0.34,50,0.2,21.2,31.7,42.9,0,0.52,0,3.1,0,0,18.1,2.07,50,1.03,44.1
2110,"Andrea Petagna","ITA","FW","Napoli","Serie A",27,190,85,24,586,0.46,46.2,0.23,13.1,18,24.6,0.15,0.46,0,2.31,0.15,0,13.2,2.77,61.1,2.46,41.2
2111,"Nils Petersen","GER","FWMF","Freiburg","Bundesliga",34,188,80,22,580,0.78,33.3,0.33,13.5,14.8,22.2,0.16,0.63,0.16,2.03,0.16,0,24.2,1.09,71.4,0.63,30.6
2115,"Jens Petter Hauge","NOR","FWMF","Eint Frankfurt","Bundesliga",23,184,75,26,1040,0.17,52.6,0.11,15,27.1,37.7,0.17,1.03,0.17,2.84,0.34,0,20.3,4.57,52.8,0.95,36.8
2125,"Krzysztof Piątek","POL","FW","Fiorentina","Serie A",27,183,77,14,733,0.37,31.8,0.14,13,15.4,19.8,0,0.62,0,1.48,0.12,0,25.4,0.99,62.5,2.35,30.6
2137,"Andrea Pinamonti","ITA","FW","Empoli","Serie A",23,188,72,36,2869,0.41,25.6,0.1,15.3,12.6,20.5,0.06,0.56,0.09,2.01,0.28,0,12.4,0.88,42.9,1.82,42
2148,"Daniel Podence","POR","FWMF","Wolves","Premier League",27,165,58,26,1484,0.12,42.9,0.06,21.7,28.2,38.5,0.18,2.18,0.61,3.76,0.24,0,15,4.06,49.3,1.82,7.4
2152,"Matteo Politano","ITA","FW","Napoli","Serie A",29,171,67,33,1650,0.16,26.2,0.07,18.5,30.1,42.2,0.22,1.48,0.44,4.21,0.44,0.05,16.9,2.4,50,1.53,33.3
2154,"Sebastian Polter","GER","FW","Bochum","Bundesliga",31,192,94,33,2341,0.38,38.9,0.17,11.3,11.3,19.9,0.04,0.27,0.04,2.15,0.12,0,16.9,0.58,60,1.42,49.8
2155,"Ezequiel Ponce","ARG","FW","Elche","La Liga",25,181,81,13,667,0.14,33.3,0.07,12.8,16.5,22.4,0,0.54,0.14,2.3,0.14,0.14,17.3,2.97,50,1.76,41.5
2159,"Manolo Portanova","ITA","FWMF","Genoa","Serie A",22,183,77,24,1322,0.07,41.4,0.03,20.9,13.1,23.1,0,0.27,0,1.5,0,0,24.8,3.06,48.9,1.84,39
2163,"Yussuf Poulsen","DEN","FW","RB Leipzig","Bundesliga",28,192,84,25,1079,0.5,50,0.21,12.4,19.1,27.8,0,0.83,0.08,2.42,0.5,0,24.2,2.25,44.4,2.83,43.8
2167,"Dennis Praet","BEL","FWMF","Torino","Serie A",28,181,78,23,1539,0.12,28,0.08,16.2,26,34.8,0.12,1.52,0.7,2.63,0.29,0,13.3,1.75,40,1.17,30.6
2169,"Abdón Prats","ESP","FW","Mallorca","La Liga",30,181,81,23,641,0.42,36.8,0.16,14.8,14.5,22,0,0.42,0,2.54,0.14,0,10.8,1.83,61.5,2.39,49.3
2182,"Teemu Pukki","FIN","FW","Norwich City","Premier League",32,180,80,37,3253,0.3,35.3,0.12,14.9,10.9,14.6,0.08,0.17,0.03,1.66,0.11,0,19.4,1.8,46.2,0.8,12.9
2186,"Ignacio Pussetto","ARG","FWMF","Udinese","Serie A",27,180,74,28,1204,0.3,38.7,0.1,16.7,15.3,21.9,0.3,0.45,0.22,3.21,0.52,0.07,18.4,3.88,38.5,2.31,37.1
2188,"Przemysław Płacheta","POL","FWMF","Norwich City","Premier League",24,177,72,12,504,0,87.5,0,16.7,19.1,28,0,0.71,0.36,2.5,0,0,20.5,1.79,60,1.43,23.1
2190,"Fabio Quagliarella","ITA","FW","Sampdoria","Serie A",39,180,79,33,1664,0.22,17.5,0.05,19.1,17.4,25.5,0.11,0.92,0.27,2.59,0.38,0.05,15.9,1.35,64,1.73,36.4
2213,"Sandro Ramírez","ESP","FW","Getafe","La Liga",27,183,78,29,1462,0.19,28,0.06,22.5,17.7,24.3,0,0.31,0.06,3.27,0.12,0,15.5,3.46,33.9,2.96,30.4
2222,"Elba Rashani","KVX","FWMF","Clermont Foot","Ligue 1",29,181,71,29,1759,0.41,40,0.27,13.5,22.6,29.3,0.15,0.56,0.31,1.59,0.21,0,23.7,1.9,54.1,1.54,34.8
2223,"Marcus Rashford","ENG","FWMF","Manchester Utd","Premier League",25,186,70,25,1235,0.29,54.5,0.18,17.5,21.7,30.8,0.15,0.8,0.22,2.12,0.22,0,18.5,3.8,38.5,1.53,34.1
2224,"Milot Rashica","KVX","FWMF","Norwich City","Premier League",26,177,73,31,2229,0.04,35.6,0.02,21.4,15.2,24.1,0.08,0.89,0.32,2.26,0.16,0,13.2,3.23,30,2.1,30.9
2230,"Ante Rebić","CRO","FW","Milan","Serie A",29,185,78,24,891,0.2,20,0.07,15.4,19.8,30.7,0.2,2.73,0.81,5.35,0.3,0,23,3.33,60.6,0.91,30.6
2258,"Marco Richter","GER","FWMF","Hertha BSC","Bundesliga",25,176,74,30,1704,0.26,39.5,0.12,19.5,18.6,28,0.05,0.95,0.21,2.28,0.16,0,16.8,2.33,34.1,2.65,22
2266,"Luis Rioja","ESP","FWMF","Alavés","La Liga",29,175,68,37,3111,0.03,34.1,0.02,17.6,16.2,26.9,0.09,0.9,0.32,2.37,0.2,0.03,12.5,3.61,52,1.24,36.8
2267,"Renaud Ripart","FRA","FWDF","Troyes","Ligue 1",29,181,73,28,1893,0.1,30.2,0.05,15.4,23.1,32.3,0.1,0.71,0.29,2,0.14,0,23.1,2.48,42.3,1.95,42.6
2287,"Gerson Rodrigues","LUX","FW","Troyes","Ligue 1",27,190,81,12,848,0.11,30.4,0.04,19.2,17.7,23.5,0.11,0.85,0.11,1.38,0.11,0,19.4,3.51,39.4,1.81,40
2291,"Ángel Rodríguez","ESP","FW","Mallorca","La Liga",35,180,75,29,1544,0.17,37.9,0.1,12.1,11.5,15.9,0.12,0.7,0.12,1.8,0.35,0.06,17.9,1.57,51.9,1.63,24.6
2294,"Jay Rodriguez","ENG","FW","Burnley","Premier League",33,185,84,29,1382,0.13,26.8,0.05,14.2,13.6,20.7,0.13,0.19,0.06,1.56,0.19,0,21.4,1.17,61.1,1.23,41.5
2308,"Cristiano Ronaldo","POR","FW","Manchester Utd","Premier League",37,187,83,30,2456,0.66,36.1,0.14,15,26.3,32.5,0.11,0.59,0,2.78,0.33,0.07,6.67,1.32,52.8,0.95,45.3
2310,"Salomón Rondón","VEN","FW","Everton","Premier League",33,186,85,20,790,0.11,28.6,0.05,11.6,14.5,21.8,0.11,0.23,0,1.93,0.11,0,19.5,0.91,50,0.45,41.1
2331,"Aitor Ruibal","ESP","FWDF","Betis","La Liga",26,176,75,19,856,0,15.8,0,18.9,27.6,35.8,0,1.26,0.21,3.16,0.11,0,20.8,3.68,42.9,2.11,18.5
2339,"Georginio Rutter","FRA","FWMF","Hoffenheim","Bundesliga",20,182,77,33,1611,0.45,35.2,0.15,13.7,11.8,18.4,0.11,0.89,0.22,2.18,0.34,0.11,22.9,3.85,42,2.29,45.2
2352,"Alexis Saelemaekers","BEL","FW","Milan","Serie A",23,180,72,36,1865,0.05,30.8,0.03,19.9,33.1,41.9,0.14,1.26,0.43,3.48,0.43,0.1,20,4.44,57.6,2.32,44.4
2354,"Wesley Saïd","FRA","FWMF","Lens","Ligue 1",27,173,71,21,654,0.68,38.5,0.19,13.7,23.4,32.1,0,0.82,0,3.97,0.68,0,20.4,2.19,62.5,0.68,18.2
2355,"Allan Saint-Maximin","FRA","FWMF","Newcastle Utd","Premier League",25,173,67,35,2804,0.16,40.6,0.08,19,17.5,24.3,0.16,1.03,0.29,3.65,0.29,0,8.24,7.37,60.9,2.28,38.8
2357,"Bukayo Saka","ENG","FWMF","Arsenal","Premier League",21,178,65,38,2978,0.33,30.5,0.09,16.9,26.9,35.8,0.21,0.97,0.21,4.29,0.48,0,15,3.02,49,2.3,34.5
2361,"Mohamed Salah","EGY","FW","Liverpool","Premier League",30,175,71,35,2762,0.75,36.6,0.13,15.5,28.3,36.4,0.42,1.99,0.26,4.33,0.81,0.16,14.6,4.43,41.9,0.98,22
2376,"Antonio Sanabria","PAR","FW","Torino","Serie A",26,181,74,29,1803,0.3,38.8,0.12,11.7,18.5,24.5,0.05,0.25,0,1.8,0.25,0.05,15.3,0.95,52.6,1.75,31.3
2377,"Oihan Sancet","ESP","FW","Athletic Club","La Liga",22,176,71,27,1422,0.38,45.2,0.19,14.2,22.5,29.2,0.25,1.46,0.13,3.54,0.38,0.06,17.1,2.22,54.3,1.9,26.7
2379,"Alexis Sánchez","CHI","FW","Inter","Serie A",34,168,62,27,881,0.51,39.4,0.15,15.5,36.2,46.6,0.2,3.06,0.41,4.49,0.61,0,16.7,3.37,72.7,2.86,32.4
2386,"Jadon Sancho","ENG","FWMF","Manchester Utd","Premier League",22,180,76,29,1900,0.14,34.6,0.12,14.6,38.4,46.5,0.14,1.71,0.28,3.89,0.38,0.09,13.1,3.93,57.8,0.43,8.3
2389,"Leroy Sané","GER","FWMF","Bayern Munich","Bundesliga",26,184,75,32,1976,0.32,36,0.08,19.9,38.7,46.3,0.32,2,0.18,4.5,0.55,0,16.7,4.73,49,1.45,33.3
2393,"Nicola Sansone","ITA","FWMF","Bologna","Serie A",31,173,63,27,896,0.2,25,0.08,19.4,23.7,33.6,0.3,1.1,0.7,3.3,0.8,0.1,18.5,3.1,35.5,2.3,18.8
2402,"Riccardo Saponara","ITA","FW","Fiorentina","Serie A",31,184,73,29,1284,0.21,37.8,0.08,19.7,29.9,38.6,0.21,1.96,0.42,3.78,0.35,0,8.6,3.57,37.3,1.89,53.3
2405,"Josh Sargent","USA","FWMF","Norwich City","Premier League",22,185,79,26,1572,0.11,7.7,0.08,15.3,17,23,0.06,0.17,0,1.49,0.11,0.06,20.6,1.94,52.9,1.66,44.2
2408,"Ismaila Sarr","SEN","FWMF","Watford","Premier League",24,185,76,22,1861,0.24,39.5,0.13,18.2,15.9,22.6,0.1,1.06,0.19,2.13,0.14,0,19.2,3.29,51.5,2.27,36.1
2419,"Gianluca Scamacca","ITA","FW","Sassuolo","Serie A",23,195,85,36,2146,0.67,46.2,0.19,16.5,17.7,23.7,0,0.55,0.04,2.23,0.17,0,14.4,1.39,51.5,1.05,55.7
2426,"Patrik Schick","CZE","FW","Leverkusen","Bundesliga",26,186,73,27,2076,1.04,47.7,0.26,12.6,12.6,17.7,0.13,0.43,0,2.12,0.69,0.13,11.1,1.77,43.9,1.13,42.7
2447,"Davie Selke","GER","FW","Hertha BSC","Bundesliga",27,194,84,25,1004,0.36,39.1,0.13,12.8,12.5,21,0,0.36,0.18,1.61,0.09,0,20.7,0.71,62.5,1.88,56.1
2458,"Janni Serra","GER","FW","Arminia","Bundesliga",24,193,87,26,1117,0.24,41.7,0.13,13.1,15.9,23.7,0.16,0.56,0,1.85,0.24,0.08,21.7,1.61,35,1.21,38.3
2467,"Xherdan Shaqiri","SUI","FWMF","Lyon","Ligue 1",31,169,72,11,679,0.27,38.5,0.15,20.4,35.3,46.1,0.4,2.4,0.27,3.47,0.4,0,8.93,1.73,53.8,0.4,33.3
2471,"Eldor Shomurodov","UZB","FWMF","Roma","Serie A",27,190,76,28,784,0.34,35.5,0.1,12.1,18.3,26.7,0.46,0.92,0.34,3.56,0.69,0.11,22.1,1.61,14.3,0.8,41.2
2482,"André Silva","POR","FW","RB Leipzig","Bundesliga",27,184,78,33,2076,0.48,42.6,0.15,11.1,18,24.2,0.13,1.08,0.13,2.03,0.65,0.04,13.3,2.55,33.9,1.47,37.8
2493,"Giovanni Simeone","ARG","FW","Hellas Verona","Serie A",27,181,81,35,2653,0.58,46.5,0.24,13.8,16.6,23.4,0.17,0.51,0.14,1.83,0.24,0,18.4,2.34,39.1,2.2,29.9
2497,"Moses Simon","NGA","FWMF","Nantes","Ligue 1",27,168,69,30,2332,0.23,34.1,0.15,16.3,20.5,31.7,0.31,1.39,0.77,3.75,0.42,0.08,11.3,3.51,42.9,1.16,37.5
2518,"Islam Slimani","ALG","FW","Lyon","Ligue 1",34,188,83,12,573,0.16,33.3,0.08,10.3,23.6,30.2,0.16,1.56,0,2.81,0.47,0,13.3,0.16,100,0.78,63.3
2524,"Rubén Sobrino","ESP","FWMF","Cádiz","La Liga",30,185,73,33,1861,0.19,29.4,0.12,12,18,24.3,0.05,0.29,0.14,2.27,0.24,0,21.9,2.27,46.8,1.88,38.8
2538,"Florian Sotoca","FRA","FWMF","Lens","Ligue 1",32,187,77,35,2480,0.22,33.8,0.06,14.7,32.9,43.3,0.14,1.01,0.36,2.46,0.25,0,16.7,1.56,55.8,1.23,65.7
2539,"Riccardo Sottil","ITA","FW","Fiorentina","Serie A",23,180,75,24,1239,0.22,45.5,0.14,16.7,21.8,28,0.14,1.3,0.43,1.81,0.29,0.07,8.55,2.68,48.6,3.04,45.5
2542,"Sambou Soumano","SEN","FW","Lorient","Ligue 1",21,182,70,21,447,0.6,22.2,0.17,10.6,12.4,18.6,0,0.2,0.2,1.6,0.2,0.2,18,3,73.3,2.2,43.6
2560,"Renato Steffen","SUI","FWMF","Wolfsburg","Bundesliga",31,170,65,20,967,0,15.4,0,14.3,30.9,40.2,0.09,0.93,0.37,3.27,0.28,0,16.8,1.12,58.3,1.68,39.5
2566,"Raheem Sterling","ENG","FW","Manchester City","Premier League",28,170,69,30,2128,0.55,46.3,0.2,13.8,30.6,37.1,0.21,2.33,0.34,3.81,0.47,0,13.4,4.62,45,1.95,15.2
2585,"Luis Suárez","URU","FW","Atlético Madrid","La Liga",35,182,83,35,1835,0.54,45.1,0.18,20,17.8,24.4,0.1,0.69,0.15,1.76,0.29,0,8.63,1.13,21.7,1.32,44.3
2587,"Isaac Success","NGA","FW","Udinese","Serie A",26,182,90,22,911,0.2,52,0.08,16.5,17.9,28.3,0.59,0.59,0.1,3.96,0.79,0,10.5,2.97,50,3.76,34.5
2603,"Alexander Sørloth","NOR","FW","Real Sociedad","La Liga",27,194,90,33,1763,0.2,32.4,0.11,11.6,17.2,23.7,0,0.71,0.1,2.09,0.2,0.1,17.7,2.86,50,0.97,54.2
2628,"Cristian Tello","ESP","FWMF","Betis","La Liga",31,178,65,23,819,0.22,31,0.07,20.3,30.8,39.9,0.22,1.1,0.44,3.63,0.22,0,19,2.86,46.2,0.66,41.7
2634,"Martin Terrier","FRA","FWMF","Rennes","Ligue 1",25,184,73,37,2779,0.68,50.6,0.22,14.6,25.4,31.7,0.1,1.36,0.32,3.2,0.55,0.03,18.4,1.72,58.5,1.59,51.3
2651,"Marcus Thuram","FRA","FWMF","M'Gladbach","Bundesliga",25,192,87,21,979,0.28,30.3,0.09,12.8,16.1,21.8,0,1.19,0.18,3.03,0.28,0,15.9,3.67,52.5,2.39,43.5
2663,"Karl Toko Ekambi","CMR","FW","Lyon","Ligue 1",30,185,74,30,2296,0.47,48.6,0.14,14.2,29.5,37.1,0.2,1.65,0.63,2.9,0.47,0.04,10.4,3.73,49.5,0.63,56.1
2668,"Tiago Tomás","POR","FW","Stuttgart","Bundesliga",20,180,73,14,1075,0.34,53.6,0.14,14.7,11.7,18.2,0,0.34,0.08,1.85,0.17,0,18.9,3.28,33.3,2.52,23.8
2675,"Ivan Toney","ENG","FW","Brentford","Premier League",26,185,70,33,2909,0.37,28.9,0.08,15.1,14.2,24.1,0.15,0.87,0.06,2.48,0.31,0.03,14.1,1.52,44.9,2.6,51.7
2690,"Yoann Touzghar","TUN","FW","Troyes","Ligue 1",36,179,75,28,1457,0.25,44.4,0.15,12.8,14.9,18.9,0,0.25,0,1.73,0.12,0,10.1,0.56,44.4,1.36,31.1
2711,"Leandro Trossard","BEL","FWMF","Brighton","Premier League",28,172,67,34,2805,0.26,36.1,0.1,18.1,29.3,37.9,0.1,1.86,0.22,2.92,0.32,0.06,15.3,2.5,75.6,1.25,23.8
2723,"Ike Ugbo","CAN","FW","Troyes","Ligue 1",24,185,73,14,814,0.56,40,0.27,14.2,12.1,14.9,0,0.33,0,1.44,0.22,0,22.1,1.22,27.3,1.78,20.5
2730,"Enes Ünal","TUR","FW","Getafe","La Liga",25,187,78,37,2798,0.51,29.3,0.17,15.8,13.5,21.2,0.03,0.26,0.1,2.22,0.13,0,24.4,1.64,35.3,2.6,43.2
2731,"Cengiz Ünder","TUR","FWMF","Marseille","Ligue 1",25,173,66,32,2200,0.41,34.5,0.16,19.1,29.2,39.2,0.08,1.76,0.41,3.4,0.33,0.04,10,2.34,42.1,1.43,45.8
2752,"Jamie Vardy","ENG","FW","Leicester City","Premier League",35,179,74,25,1806,0.75,47.2,0.28,12.1,9.55,13.2,0.1,0.95,0.15,1.89,0.25,0.1,13.7,1.04,52.4,0.65,36.8
2768,"Daniele Verde","ITA","FWMF","Spezia","Serie A",26,168,64,33,1957,0.37,42.6,0.13,23.3,26.6,38.2,0.28,1.2,0.37,3.32,0.41,0,8.8,1.38,46.7,0.74,50
2769,"Simone Verdi","ITA","FWMF","Salernitana","Serie A",30,174,65,15,829,0.54,40,0.11,22.2,25,36.4,0,1.52,0.76,4.57,0.33,0,15,4.78,52.3,2.5,33.3
2794,"Asier Villalibre","ESP","FW","Athletic Club","La Liga",25,190,89,19,548,0.33,31.6,0.11,11.3,12.6,20.5,0,0.16,0,1.48,0.16,0,16.4,1.31,50,2.3,59.5
2801,"Dušan Vlahović","SRB","FW","Juventus","Serie A",22,190,75,15,1076,0.58,44.4,0.16,13.9,13.3,19.4,0.08,0.58,0,2.08,0.17,0,8.42,1.92,34.8,1.92,35.8
2803,"Nikola Vlašić","CRO","FWMF","West Ham","Premier League",25,178,79,19,560,0.16,42.9,0.14,17.6,27.4,35.5,0,0.65,0,2.9,0,0,24.2,1.94,58.3,3.06,35.3
2804,"Andreas Voglsammer","GER","FWMF","Union Berlin","Bundesliga",30,178,81,32,882,0.2,44.1,0.06,13.4,15.5,25.1,0.1,0.92,0.2,2.04,0.31,0.1,19.2,1.53,66.7,1.63,40.9
2813,"Matěj Vydra","CZE","FW","Burnley","Premier League",30,180,71,22,679,0.27,36.8,0.11,14.3,10.1,14.9,0.4,0.13,0,1.6,0.4,0,21.2,1.33,50,1.47,23.5
2828,"Ollie Watkins","ENG","FW","Aston Villa","Premier League",27,180,70,35,2952,0.34,40.3,0.13,13.5,15,21,0.06,0.73,0.03,2.2,0.24,0.03,17.6,1.77,51.7,1.46,42.3
2831,"Wout Weghorst","NED","FW","Burnley","Premier League",30,197,84,20,1450,0.12,23.3,0.07,13.6,17.9,26.8,0.19,0.5,0.06,1.74,0.31,0.06,32.2,1.18,73.7,1.3,38.2
2834,"Danny Welbeck","ENG","FW","Brighton","Premier League",32,185,73,25,1478,0.37,46.5,0.14,12.3,13.8,17.3,0.12,0.49,0,2.2,0.24,0,16,1.59,50,1.16,41.6
2835,"Timo Werner","GER","FWMF","Chelsea","Premier League",26,180,76,21,1283,0.28,35.6,0.09,13.1,21.1,27.9,0.07,0.77,0.14,1.82,0.28,0,17.3,2.38,38.2,1.05,29
2842,"Iñaki Williams","ESP","FW","Athletic Club","La Liga",28,186,79,38,2777,0.26,36.2,0.07,14,14.4,22.2,0.16,0.71,0.16,2.2,0.16,0,14,2.1,43.1,1.52,45.1
2846,"Callum Wilson","ENG","FW","Newcastle Utd","Premier League",30,180,66,18,1386,0.52,37.5,0.19,13.4,7.99,11.4,0,0.26,0.06,1.3,0,0,12.3,1.62,56,1.69,27.8
2847,"Patrick Wimmer","AUT","FWMF","Arminia","Bundesliga",21,182,77,31,2052,0.13,26.3,0.05,19.3,18.6,33,0.26,0.92,0.18,3.51,0.44,0,23.4,6.23,52.8,1.67,38.4
2848,"Jonas Wind","DEN","FWMF","Wolfsburg","Bundesliga",23,190,82,14,1180,0.38,45.7,0.14,13.6,19,27.9,0.08,0.92,0.08,2.6,0.23,0,16.3,1.15,66.7,2.6,51.9
2853,"Yoane Wissa","COD","FWMF","Brentford","Premier League",26,176,74,30,1284,0.49,39.4,0.21,15.4,13.4,19.6,0.07,0.7,0.07,1.33,0.28,0,13.3,1.68,70.8,1.89,49.1
2859,"Chris Wood","NZL","FW","Newcastle Utd","Premier League",31,191,92,17,1327,0.14,30,0.05,10.9,12.2,21.8,0,0.14,0,1.43,0.14,0,16.9,0.75,36.4,0.88,53.3
2869,"Kelvin Yeboah","ITA","FW","Genoa","Serie A",22,182,73,17,850,0,25,0,17.4,12.9,19.8,0.11,0.43,0.21,3.09,0.32,0,24.1,3.62,35.3,3.19,35.8
2882,"Wilfried Zaha","CIV","FW","Crystal Palace","Premier League",30,180,66,33,2760,0.46,41.9,0.15,18.5,24.4,31.4,0.03,2.12,0.49,3.39,0.39,0.1,20.1,4.56,52.1,4.04,26.8
2888,"Nicolò Zaniolo","ITA","FW","Roma","Serie A",23,190,79,28,1971,0.09,28.6,0.03,17.9,18,25.3,0.05,1.05,0.09,3.7,0.41,0.05,16.7,4.93,47.2,3.15,34
2891,"Duván Zapata","COL","FW","Atalanta","Serie A",31,189,88,24,1722,0.52,39.7,0.09,12.8,22.3,29.2,0.21,1.1,0.21,4.14,0.42,0.05,8.64,3.09,52.5,1.68,39.8
2899,"Arber Zeneli","KVX","FW","Reims","Ligue 1",27,176,72,9,409,0.44,27.3,0.18,16.2,20.7,29.3,0.67,1.78,0.22,3.78,0.67,0,15.8,4.22,78.9,1.11,0
2901,"Andi Zeqiri","SUI","FWMF","Augsburg","Bundesliga",23,185,80,22,1016,0.18,28.1,0.06,16.3,10.3,15.8,0.09,0.35,0.18,1.77,0.27,0,21,2.39,37,1.42,26.1
2909,"Hakim Ziyech","MAR","FWMF","Chelsea","Premier League",29,181,65,23,1319,0.27,35.8,0.08,20.7,36.9,50.1,0.2,2.18,0.68,4.35,0.48,0.07,18.1,4.49,53,2.59,37.9
2911,"Simon Zoller","GER","FW","Bochum","Bundesliga",31,179,70,10,596,0.45,63.6,0.27,11.1,18.2,23.8,0.3,0.61,0.45,1.36,0.3,0,17.1,0.61,50,0.76,44.4
